https://iiif.bdrc.io/bdr:I1NLM1976_001::I1NLM1976_0010001.jpg/full/max/0/default.jpg,I1NLM1976_0010001.jpg,M0059894-001
https://iiif.bdrc.io/bdr:I1NLM1976_001::I1NLM1976_0010025.jpg/full/max/0/default.jpg,I1NLM1976_0010025.jpg,M0059894-002
https://iiif.bdrc.io/bdr:I1NLM1976_001::I1NLM1976_0010041.jpg/full/max/0/default.jpg,I1NLM1976_0010041.jpg,M0059894-003
https://iiif.bdrc.io/bdr:I1NLM1976_001::I1NLM1976_0010071.jpg/full/max/0/default.jpg,I1NLM1976_0010071.jpg,M0059894-004
https://iiif.bdrc.io/bdr:I1NLM1976_001::I1NLM1976_0010075.jpg/full/max/0/default.jpg,I1NLM1976_0010075.jpg,M0059894-005
https://iiif.bdrc.io/bdr:I1NLM1976_001::I1NLM1976_0010087.jpg/full/max/0/default.jpg,I1NLM1976_0010087.jpg,M0059894-006
https://iiif.bdrc.io/bdr:I1NLM1976_001::I1NLM1976_0010097.jpg/full/max/0/default.jpg,I1NLM1976_0010097.jpg,M0059894-007
https://iiif.bdrc.io/bdr:I1NLM1976_001::I1NLM1976_0010109.jpg/full/max/0/default.jpg,I1NLM1976_0010109.jpg,M0059894-008
https://iiif.bdrc.io/bdr:I1NLM1976_001::I1NLM1976_0010115.jpg/full/max/0/default.jpg,I1NLM1976_0010115.jpg,M0059894-009
https://iiif.bdrc.io/bdr:I1NLM1976_001::I1NLM1976_0010123.jpg/full/max/0/default.jpg,I1NLM1976_0010123.jpg,M0059894-010
https://iiif.bdrc.io/bdr:I1NLM1976_001::I1NLM1976_0010127.jpg/full/max/0/default.jpg,I1NLM1976_0010127.jpg,M0059894-011
https://iiif.bdrc.io/bdr:I1NLM1976_001::I1NLM1976_0010133.jpg/full/max/0/default.jpg,I1NLM1976_0010133.jpg,M0059894-012
https://iiif.bdrc.io/bdr:I1NLM1976_001::I1NLM1976_0010139.jpg/full/max/0/default.jpg,I1NLM1976_0010139.jpg,M0059894-013
https://iiif.bdrc.io/bdr:I1NLM1976_001::I1NLM1976_0010147.jpg/full/max/0/default.jpg,I1NLM1976_0010147.jpg,M0059894-014
https://iiif.bdrc.io/bdr:I1NLM1976_001::I1NLM1976_0010153.jpg/full/max/0/default.jpg,I1NLM1976_0010153.jpg,M0059894-015
https://iiif.bdrc.io/bdr:I1NLM1976_001::I1NLM1976_0010159.jpg/full/max/0/default.jpg,I1NLM1976_0010159.jpg,M0059894-016
https://iiif.bdrc.io/bdr:I1NLM1976_001::I1NLM1976_0010171.jpg/full/max/0/default.jpg,I1NLM1976_0010171.jpg,M0059894-017
https://iiif.bdrc.io/bdr:I1NLM1976_001::I1NLM1976_0010179.jpg/full/max/0/default.jpg,I1NLM1976_0010179.jpg,M0059894-018
https://iiif.bdrc.io/bdr:I1NLM1976_001::I1NLM1976_0010183.jpg/full/max/0/default.jpg,I1NLM1976_0010183.jpg,M0059894-019
https://iiif.bdrc.io/bdr:I1NLM1976_001::I1NLM1976_0010191.jpg/full/max/0/default.jpg,I1NLM1976_0010191.jpg,M0059894-020
https://iiif.bdrc.io/bdr:I1NLM1976_001::I1NLM1976_0010199.jpg/full/max/0/default.jpg,I1NLM1976_0010199.jpg,M0059894-021
,?,M0059894-022
,?,M0059894-023
