https://iiif.bdrc.io/bdr:I1NLM5439_001::I1NLM5439_0010001.jpg/full/max/0/default.jpg,I1NLM5439_0010001.jpg,M0063357-001
https://iiif.bdrc.io/bdr:I1NLM5439_001::I1NLM5439_0010067.jpg/full/max/0/default.jpg,I1NLM5439_0010067.jpg,M0063357-002
https://iiif.bdrc.io/bdr:I1NLM5439_001::I1NLM5439_0010071.jpg/full/max/0/default.jpg,I1NLM5439_0010071.jpg,M0063357-003
https://iiif.bdrc.io/bdr:I1NLM5439_001::I1NLM5439_0010079.jpg/full/max/0/default.jpg,I1NLM5439_0010079.jpg,M0063357-004
https://iiif.bdrc.io/bdr:I1NLM5439_001::I1NLM5439_0010085.jpg/full/max/0/default.jpg,I1NLM5439_0010085.jpg,M0063357-005
https://iiif.bdrc.io/bdr:I1NLM5439_001::I1NLM5439_0010093.jpg/full/max/0/default.jpg,I1NLM5439_0010093.jpg,M0063357-006
https://iiif.bdrc.io/bdr:I1NLM5439_001::I1NLM5439_0010109.jpg/full/max/0/default.jpg,I1NLM5439_0010109.jpg,M0063357-007
https://iiif.bdrc.io/bdr:I1NLM5439_001::I1NLM5439_0010115.jpg/full/max/0/default.jpg,I1NLM5439_0010115.jpg,M0063357-008
https://iiif.bdrc.io/bdr:I1NLM5439_001::I1NLM5439_0010145.jpg/full/max/0/default.jpg,I1NLM5439_0010145.jpg,M0063357-009
https://iiif.bdrc.io/bdr:I1NLM5439_001::I1NLM5439_0010155.jpg/full/max/0/default.jpg,I1NLM5439_0010155.jpg,M0063357-010
https://iiif.bdrc.io/bdr:I1NLM5439_001::I1NLM5439_0010159.jpg/full/max/0/default.jpg,I1NLM5439_0010159.jpg,M0063357-011
https://iiif.bdrc.io/bdr:I1NLM5439_001::I1NLM5439_0010161.jpg/full/max/0/default.jpg,I1NLM5439_0010161.jpg,M0063357-012
https://iiif.bdrc.io/bdr:I1NLM5439_001::I1NLM5439_0010165.jpg/full/max/0/default.jpg,I1NLM5439_0010165.jpg,M0063357-013
https://iiif.bdrc.io/bdr:I1NLM5439_001::I1NLM5439_0010171.jpg/full/max/0/default.jpg,I1NLM5439_0010171.jpg,M0063357-014
https://iiif.bdrc.io/bdr:I1NLM5439_001::I1NLM5439_0010177.jpg/full/max/0/default.jpg,I1NLM5439_0010177.jpg,M0063357-015
https://iiif.bdrc.io/bdr:I1NLM5439_001::I1NLM5439_0010181.jpg/full/max/0/default.jpg,I1NLM5439_0010181.jpg,M0063357-016
https://iiif.bdrc.io/bdr:I1NLM5439_001::I1NLM5439_0010185.jpg/full/max/0/default.jpg,I1NLM5439_0010185.jpg,M0063357-017
https://iiif.bdrc.io/bdr:I1NLM5439_001::I1NLM5439_0010189.jpg/full/max/0/default.jpg,I1NLM5439_0010189.jpg,M0063357-018
https://iiif.bdrc.io/bdr:I1NLM5439_001::I1NLM5439_0010193.jpg/full/max/0/default.jpg,I1NLM5439_0010193.jpg,M0063357-019
https://iiif.bdrc.io/bdr:I1NLM5439_001::I1NLM5439_0010199.jpg/full/max/0/default.jpg,I1NLM5439_0010199.jpg,M0063357-020
https://iiif.bdrc.io/bdr:I1NLM5439_001::I1NLM5439_0010209.jpg/full/max/0/default.jpg,I1NLM5439_0010209.jpg,M0063357-021
https://iiif.bdrc.io/bdr:I1NLM5439_001::I1NLM5439_0010215.jpg/full/max/0/default.jpg,I1NLM5439_0010215.jpg,M0063357-022
,?,M0063357-023
