I1NLM7942_0010001.jpg,1,2450,1056
I1NLM7942_0010002.jpg,2,2450,1056
I1NLM7942_0010003.jpg,3,2450,1031
I1NLM7942_0010004.jpg,4,2450,1031
I1NLM7942_0010005.jpg,5,2450,1031
I1NLM7942_0010006.jpg,6,2450,1031
I1NLM7942_0010007.jpg,7,2450,1031
I1NLM7942_0010008.jpg,8,2450,1031
I1NLM7942_0010009.jpg,9,2450,1031
I1NLM7942_0010010.jpg,10,2450,1031
I1NLM7942_0010011.jpg,11,2450,1031
I1NLM7942_0010012.jpg,12,2450,1031
I1NLM7942_0010013.jpg,13,2450,1031
I1NLM7942_0010014.jpg,14,2450,1031
I1NLM7942_0010015.jpg,15,2450,1031
I1NLM7942_0010016.jpg,16,2450,1031
I1NLM7942_0010017.jpg,17,2450,1031
I1NLM7942_0010018.jpg,18,2450,1031
I1NLM7942_0010019.jpg,19,2450,1031
I1NLM7942_0010020.jpg,20,2450,1031
I1NLM7942_0010021.jpg,21,2450,1031
I1NLM7942_0010022.jpg,22,2450,1031
I1NLM7942_0010023.jpg,23,2450,1031
I1NLM7942_0010024.jpg,24,2450,1031
I1NLM7942_0010025.jpg,25,2450,1031
I1NLM7942_0010026.jpg,26,2450,1031
I1NLM7942_0010027.jpg,27,2450,1031
I1NLM7942_0010028.jpg,28,2450,1031
I1NLM7942_0010029.jpg,29,2450,1031
I1NLM7942_0010030.jpg,30,2450,1031
I1NLM7942_0010031.jpg,31,2450,1031
I1NLM7942_0010032.jpg,32,2450,1031
I1NLM7942_0010033.jpg,33,2450,1031
I1NLM7942_0010034.jpg,34,2450,1031
I1NLM7942_0010035.jpg,35,2450,1031
I1NLM7942_0010036.jpg,36,2450,1031
I1NLM7942_0010037.jpg,37,2450,1031
I1NLM7942_0010038.jpg,38,2450,1031
I1NLM7942_0010039.jpg,39,2450,1031
I1NLM7942_0010040.jpg,40,2450,1031
I1NLM7942_0010041.jpg,41,2450,1031
I1NLM7942_0010042.jpg,42,2450,1031
I1NLM7942_0010043.jpg,43,2450,1031
I1NLM7942_0010044.jpg,44,2450,1031
I1NLM7942_0010045.jpg,45,2450,1031
I1NLM7942_0010046.jpg,46,2450,1031
I1NLM7942_0010047.jpg,47,2450,1031
I1NLM7942_0010048.jpg,48,2450,1031
I1NLM7942_0010049.jpg,49,2450,1031
I1NLM7942_0010050.jpg,50,2450,1031
I1NLM7942_0010051.jpg,51,2450,1031
I1NLM7942_0010052.jpg,52,2450,1031
I1NLM7942_0010053.jpg,53,2450,1031
I1NLM7942_0010054.jpg,54,2450,1031
I1NLM7942_0010055.jpg,55,2450,888
I1NLM7942_0010056.jpg,56,2450,888
I1NLM7942_0010057.jpg,57,2450,888
I1NLM7942_0010058.jpg,58,2450,888
I1NLM7942_0010059.jpg,59,2450,888
I1NLM7942_0010060.jpg,60,2450,888
I1NLM7942_0010061.jpg,61,2450,888
I1NLM7942_0010062.jpg,62,2450,888
I1NLM7942_0010063.jpg,63,2450,888
I1NLM7942_0010064.jpg,64,2450,888
I1NLM7942_0010065.jpg,65,2450,888
I1NLM7942_0010066.jpg,66,2450,888
I1NLM7942_0010067.jpg,67,2450,973
I1NLM7942_0010068.jpg,68,2450,973
I1NLM7942_0010069.jpg,69,2450,973
I1NLM7942_0010070.jpg,70,2450,973
I1NLM7942_0010071.jpg,71,2450,973
I1NLM7942_0010072.jpg,72,2450,973
I1NLM7942_0010073.jpg,73,2450,973
I1NLM7942_0010074.jpg,74,2450,973
I1NLM7942_0010075.jpg,75,2450,973
I1NLM7942_0010076.jpg,76,2450,973
I1NLM7942_0010077.jpg,77,2450,680
I1NLM7942_0010078.jpg,78,2450,680
I1NLM7942_0010079.jpg,79,2450,973
I1NLM7942_0010080.jpg,80,2450,973
I1NLM7942_0010081.jpg,81,2450,1039
I1NLM7942_0010082.jpg,82,2450,1039
I1NLM7942_0010083.jpg,83,2450,1039
I1NLM7942_0010084.jpg,84,2450,1039
I1NLM7942_0010085.jpg,85,2450,1039
I1NLM7942_0010086.jpg,86,2450,1039
I1NLM7942_0010087.jpg,87,2450,1039
I1NLM7942_0010088.jpg,88,2450,1039
I1NLM7942_0010089.jpg,89,2450,1039
I1NLM7942_0010090.jpg,90,2450,1039
I1NLM7942_0010091.jpg,91,2450,1039
I1NLM7942_0010092.jpg,92,2450,1039
I1NLM7942_0010093.jpg,93,2450,1039
I1NLM7942_0010094.jpg,94,2450,1039
I1NLM7942_0010095.jpg,95,2450,1039
I1NLM7942_0010096.jpg,96,2450,1039
I1NLM7942_0010097.jpg,97,2450,1039
I1NLM7942_0010098.jpg,98,2450,1039
I1NLM7942_0010099.jpg,99,2450,1039
I1NLM7942_0010100.jpg,100,2450,1039
I1NLM7942_0010101.jpg,101,2450,1039
I1NLM7942_0010102.jpg,102,2450,1039
I1NLM7942_0010103.jpg,103,2450,1039
I1NLM7942_0010104.jpg,104,2450,1039
I1NLM7942_0010105.jpg,105,2450,1039
I1NLM7942_0010106.jpg,106,2450,1039
I1NLM7942_0010107.jpg,107,2450,1031
I1NLM7942_0010108.jpg,108,2450,1031
I1NLM7942_0010109.jpg,109,2450,1031
I1NLM7942_0010110.jpg,110,2450,1031
I1NLM7942_0010111.jpg,111,2450,1031
I1NLM7942_0010112.jpg,112,2450,1031
I1NLM7942_0010113.jpg,113,2450,1031
I1NLM7942_0010114.jpg,114,2450,1031
I1NLM7942_0010115.jpg,115,2450,1031
I1NLM7942_0010116.jpg,116,2450,1031
I1NLM7942_0010117.jpg,117,2450,1031
I1NLM7942_0010118.jpg,118,2450,1031
I1NLM7942_0010119.jpg,119,2450,1044
I1NLM7942_0010120.jpg,120,2450,1044
I1NLM7942_0010121.jpg,121,2450,1044
I1NLM7942_0010122.jpg,122,2450,1044
I1NLM7942_0010123.jpg,123,2450,1044
I1NLM7942_0010124.jpg,124,2450,1044
I1NLM7942_0010125.jpg,125,2450,1044
I1NLM7942_0010126.jpg,126,2450,1044
I1NLM7942_0010127.jpg,127,2450,1044
I1NLM7942_0010128.jpg,128,2450,1044
I1NLM7942_0010129.jpg,129,2450,1044
I1NLM7942_0010130.jpg,130,2450,1044
I1NLM7942_0010131.jpg,131,2450,1044
I1NLM7942_0010132.jpg,132,2450,1044
I1NLM7942_0010133.jpg,133,2450,1044
I1NLM7942_0010134.jpg,134,2450,1044
I1NLM7942_0010135.jpg,135,2450,1031
I1NLM7942_0010136.jpg,136,2450,1031
I1NLM7942_0010137.jpg,137,2450,1031
I1NLM7942_0010138.jpg,138,2450,1031
I1NLM7942_0010139.jpg,139,2450,1031
I1NLM7942_0010140.jpg,140,2450,1027
I1NLM7942_0010141.jpg,141,2450,1031
I1NLM7942_0010142.jpg,142,2450,1031
I1NLM7942_0010143.jpg,143,2450,876
I1NLM7942_0010144.jpg,144,2450,876
I1NLM7942_0010145.jpg,145,2450,876
I1NLM7942_0010146.jpg,146,2450,876
I1NLM7942_0010147.jpg,147,2450,876
I1NLM7942_0010148.jpg,148,2450,876
I1NLM7942_0010149.jpg,149,2450,876
I1NLM7942_0010150.jpg,150,2450,876
I1NLM7942_0010151.jpg,151,2450,876
I1NLM7942_0010152.jpg,152,2450,876
I1NLM7942_0010153.jpg,153,2450,1031
I1NLM7942_0010154.jpg,154,2450,1031
I1NLM7942_0010155.jpg,155,2450,1031
I1NLM7942_0010156.jpg,156,2450,1031
I1NLM7942_0010157.jpg,157,2450,1031
I1NLM7942_0010158.jpg,158,2450,1031
I1NLM7942_0010159.jpg,159,2450,1031
I1NLM7942_0010160.jpg,160,2450,1031
I1NLM7942_0010161.jpg,161,2450,1031
I1NLM7942_0010162.jpg,162,2450,1031
I1NLM7942_0010163.jpg,163,2450,1031
I1NLM7942_0010164.jpg,164,2450,1031
I1NLM7942_0010165.jpg,165,2450,1031
I1NLM7942_0010166.jpg,166,2450,1031
I1NLM7942_0010167.jpg,167,2450,1031
I1NLM7942_0010168.jpg,168,2450,1031
I1NLM7942_0010169.jpg,169,2450,1031
I1NLM7942_0010170.jpg,170,2450,1031
I1NLM7942_0010171.jpg,171,2450,1031
I1NLM7942_0010172.jpg,172,2450,1031
I1NLM7942_0010173.jpg,173,2450,1031
I1NLM7942_0010174.jpg,174,2450,1031
I1NLM7942_0010175.jpg,175,2450,1031
I1NLM7942_0010176.jpg,176,2450,1031
I1NLM7942_0010177.jpg,177,2450,1031
I1NLM7942_0010178.jpg,178,2450,1031
I1NLM7942_0010179.jpg,179,2450,1031
I1NLM7942_0010180.jpg,180,2450,1031
I1NLM7942_0010181.jpg,181,2450,1031
I1NLM7942_0010182.jpg,182,2450,1031
I1NLM7942_0010183.jpg,183,2450,1031
I1NLM7942_0010184.jpg,184,2450,1031
I1NLM7942_0010185.jpg,185,2450,1031
I1NLM7942_0010186.jpg,186,2450,1031
I1NLM7942_0010187.jpg,187,2450,1031
I1NLM7942_0010188.jpg,188,2450,1031
I1NLM7942_0010189.jpg,189,2450,1031
I1NLM7942_0010190.jpg,190,2450,1031
I1NLM7942_0010191.jpg,191,2450,1031
I1NLM7942_0010192.jpg,192,2450,1031
I1NLM7942_0010193.jpg,193,2450,1031
I1NLM7942_0010194.jpg,194,2450,1031
I1NLM7942_0010195.jpg,195,2450,1031
I1NLM7942_0010196.jpg,196,2450,1031
I1NLM7942_0010197.jpg,197,2450,1031
I1NLM7942_0010198.jpg,198,2450,1031
I1NLM7942_0010199.jpg,199,2450,965
I1NLM7942_0010200.jpg,200,2450,965
I1NLM7942_0010201.jpg,201,2450,965
I1NLM7942_0010202.jpg,202,2450,965
I1NLM7942_0010203.jpg,203,2450,965
I1NLM7942_0010204.jpg,204,2450,965
I1NLM7942_0010205.jpg,205,2450,1029
I1NLM7942_0010206.jpg,206,2450,1029
I1NLM7942_0010207.jpg,207,2450,1029
I1NLM7942_0010208.jpg,208,2450,1029
I1NLM7942_0010209.jpg,209,2450,1029
I1NLM7942_0010210.jpg,210,2450,1029
I1NLM7942_0010211.jpg,211,2450,1029
I1NLM7942_0010212.jpg,212,2450,1029
I1NLM7942_0010213.jpg,213,2450,1029
I1NLM7942_0010214.jpg,214,2450,1029
I1NLM7942_0010215.jpg,215,2450,1030
I1NLM7942_0010216.jpg,216,2450,1030
I1NLM7942_0010217.jpg,217,2450,1030
I1NLM7942_0010218.jpg,218,2450,1030
I1NLM7942_0010219.jpg,219,2450,1030
I1NLM7942_0010220.jpg,220,2450,1030
I1NLM7942_0010221.jpg,221,2450,1030
I1NLM7942_0010222.jpg,222,2450,1030
I1NLM7942_0010223.jpg,223,2450,1030
I1NLM7942_0010224.jpg,224,2450,1030
I1NLM7942_0010225.jpg,225,2450,1030
I1NLM7942_0010226.jpg,226,2450,1030
I1NLM7942_0010227.jpg,227,2450,1030
I1NLM7942_0010228.jpg,228,2450,991
I1NLM7942_0010229.jpg,229,2450,954
I1NLM7942_0010230.jpg,230,2450,954
I1NLM7942_0010231.jpg,231,2450,954
I1NLM7942_0010232.jpg,232,2450,954
I1NLM7942_0010233.jpg,233,2450,954
I1NLM7942_0010234.jpg,234,2450,954
I1NLM7942_0010235.jpg,235,2450,954
I1NLM7942_0010236.jpg,236,2450,954
I1NLM7942_0010237.jpg,237,2450,954
I1NLM7942_0010238.jpg,238,2450,954
I1NLM7942_0010239.jpg,239,2450,954
I1NLM7942_0010240.jpg,240,2450,954
I1NLM7942_0010241.jpg,241,2450,1005
I1NLM7942_0010242.jpg,242,2450,1005
I1NLM7942_0010243.jpg,243,2450,1005
I1NLM7942_0010244.jpg,244,2450,1005
I1NLM7942_0010245.jpg,245,2450,1005
I1NLM7942_0010246.jpg,246,2450,1005
I1NLM7942_0010247.jpg,247,2450,1005
I1NLM7942_0010248.jpg,248,2450,1005
I1NLM7942_0010249.jpg,249,2450,1005
I1NLM7942_0010250.jpg,250,2450,1005
I1NLM7942_0010251.jpg,251,2450,1005
I1NLM7942_0010252.jpg,252,2450,1005
I1NLM7942_0010253.jpg,253,2450,1005
I1NLM7942_0010254.jpg,254,2450,1005
I1NLM7942_0010255.jpg,255,2450,1005
I1NLM7942_0010256.jpg,256,2450,1005
I1NLM7942_0010257.jpg,257,2450,1044
I1NLM7942_0010258.jpg,258,2450,1044
I1NLM7942_0010259.jpg,259,2450,1044
I1NLM7942_0010260.jpg,260,2450,1044
I1NLM7942_0010261.jpg,261,2450,1044
I1NLM7942_0010262.jpg,262,2450,1044
I1NLM7942_0010263.jpg,263,2450,1044
I1NLM7942_0010264.jpg,264,2450,1044
I1NLM7942_0010265.jpg,265,2450,1044
I1NLM7942_0010266.jpg,266,2450,1044
I1NLM7942_0010267.jpg,267,2450,1044
I1NLM7942_0010268.jpg,268,2450,1044
I1NLM7942_0010269.jpg,269,2450,1044
I1NLM7942_0010270.jpg,270,2450,1044
I1NLM7942_0010271.jpg,271,2450,1031
I1NLM7942_0010272.jpg,272,2450,1031
I1NLM7942_0010273.jpg,273,2450,1031
I1NLM7942_0010274.jpg,274,2450,1031
I1NLM7942_0010275.jpg,275,2450,1031
I1NLM7942_0010276.jpg,276,2450,1031
I1NLM7942_0010277.jpg,277,2450,1031
I1NLM7942_0010278.jpg,278,2450,1031
I1NLM7942_0010279.jpg,279,2450,1031
I1NLM7942_0010280.jpg,280,2450,1031
I1NLM7942_0010281.jpg,281,2450,1031
I1NLM7942_0010282.jpg,282,2450,1031
I1NLM7942_0010283.jpg,283,2450,1031
I1NLM7942_0010284.jpg,284,2450,1031
I1NLM7942_0010285.jpg,285,2450,1031
I1NLM7942_0010286.jpg,286,2450,1031
I1NLM7942_0010287.jpg,287,2450,1031
I1NLM7942_0010288.jpg,288,2450,1031
I1NLM7942_0010289.jpg,289,2450,1031
I1NLM7942_0010290.jpg,290,2450,1031
I1NLM7942_0010291.jpg,291,2450,1031
I1NLM7942_0010292.jpg,292,2450,1031
I1NLM7942_0010293.jpg,293,2450,1031
I1NLM7942_0010294.jpg,294,2450,1031
I1NLM7942_0010295.jpg,295,2450,1031
I1NLM7942_0010296.jpg,296,2450,1031
I1NLM7942_0010297.jpg,297,2450,1031
I1NLM7942_0010298.jpg,298,2450,1031
I1NLM7942_0010299.jpg,299,2450,1031
I1NLM7942_0010300.jpg,300,2450,1031
I1NLM7942_0010301.jpg,301,2450,1031
I1NLM7942_0010302.jpg,302,2450,1031
I1NLM7942_0010303.jpg,303,2450,1031
I1NLM7942_0010304.jpg,304,2450,1031
I1NLM7942_0010305.jpg,305,2450,1031
I1NLM7942_0010306.jpg,306,2450,1044
I1NLM7942_0010307.jpg,307,2450,1031
I1NLM7942_0010308.jpg,308,2450,1031
I1NLM7942_0010309.jpg,309,2450,1031
I1NLM7942_0010310.jpg,310,2450,1031
I1NLM7942_0010311.jpg,311,2450,967
I1NLM7942_0010312.jpg,312,2450,967
I1NLM7942_0010313.jpg,313,2450,967
I1NLM7942_0010314.jpg,314,2450,967
I1NLM7942_0010315.jpg,315,2450,967
I1NLM7942_0010316.jpg,316,2450,967
I1NLM7942_0010317.jpg,317,2450,967
I1NLM7942_0010318.jpg,318,2450,967
I1NLM7942_0010319.jpg,319,2450,1069
I1NLM7942_0010320.jpg,320,2450,1069
I1NLM7942_0010321.jpg,321,2450,1069
I1NLM7942_0010322.jpg,322,2450,1069
I1NLM7942_0010323.jpg,323,2450,1069
I1NLM7942_0010324.jpg,324,2450,1069
I1NLM7942_0010325.jpg,325,2450,1069
I1NLM7942_0010326.jpg,326,2450,1069
I1NLM7942_0010327.jpg,327,2450,1069
I1NLM7942_0010328.jpg,328,2450,1069
I1NLM7942_0010329.jpg,329,2450,1069
I1NLM7942_0010330.jpg,330,2450,1069
I1NLM7942_0010331.jpg,331,2450,1069
I1NLM7942_0010332.jpg,332,2450,1069
I1NLM7942_0010333.jpg,333,2450,1069
I1NLM7942_0010334.jpg,334,2450,1069
I1NLM7942_0010335.jpg,335,2450,821
I1NLM7942_0010336.jpg,336,2450,821
I1NLM7942_0010337.jpg,337,2450,1031
I1NLM7942_0010338.jpg,338,2450,1031
I1NLM7942_0010339.jpg,339,2450,1031
I1NLM7942_0010340.jpg,340,2450,1031
I1NLM7942_0010341.jpg,341,2450,1031
I1NLM7942_0010342.jpg,342,2450,1031
I1NLM7942_0010343.jpg,343,2450,1031
I1NLM7942_0010344.jpg,344,2450,1031
I1NLM7942_0010345.jpg,345,2450,1006
I1NLM7942_0010346.jpg,346,2450,1006
