I1NLM540_0010001.jpg,1,2450,449
I1NLM540_0010002.jpg,2,2450,449
I1NLM540_0010003.jpg,3,2450,449
I1NLM540_0010004.jpg,4,2450,449
I1NLM540_0010005.jpg,5,2450,449
I1NLM540_0010006.jpg,6,2450,449
I1NLM540_0010007.jpg,7,2450,449
I1NLM540_0010008.jpg,8,2450,449
I1NLM540_0010009.jpg,9,2450,449
I1NLM540_0010010.jpg,10,2450,449
I1NLM540_0010011.jpg,11,2450,449
I1NLM540_0010012.jpg,12,2450,449
I1NLM540_0010013.jpg,13,2450,449
I1NLM540_0010014.jpg,14,2450,449
I1NLM540_0010015.jpg,15,2450,449
I1NLM540_0010016.jpg,16,2450,449
I1NLM540_0010017.jpg,17,2450,449
I1NLM540_0010018.jpg,18,2450,449
I1NLM540_0010019.jpg,19,2450,449
I1NLM540_0010020.jpg,20,2450,449
I1NLM540_0010021.jpg,21,2450,449
I1NLM540_0010022.jpg,22,2450,449
I1NLM540_0010023.jpg,23,2450,449
I1NLM540_0010024.jpg,24,2450,449
I1NLM540_0010025.jpg,25,2450,449
I1NLM540_0010026.jpg,26,2450,449
I1NLM540_0010027.jpg,27,2450,449
I1NLM540_0010028.jpg,28,2450,449
I1NLM540_0010029.jpg,29,2450,449
I1NLM540_0010030.jpg,30,2450,449
I1NLM540_0010031.jpg,31,2450,449
I1NLM540_0010032.jpg,32,2450,449
I1NLM540_0010033.jpg,33,2450,449
I1NLM540_0010034.jpg,34,2450,449
I1NLM540_0010035.jpg,35,2450,449
I1NLM540_0010036.jpg,36,2450,449
I1NLM540_0010037.jpg,37,2450,449
I1NLM540_0010038.jpg,38,2450,449
I1NLM540_0010039.jpg,39,2450,449
I1NLM540_0010040.jpg,40,2450,449
I1NLM540_0010041.jpg,41,2450,449
I1NLM540_0010042.jpg,42,2450,449
I1NLM540_0010043.jpg,43,2450,449
I1NLM540_0010044.jpg,44,2450,449
I1NLM540_0010045.jpg,45,2450,449
I1NLM540_0010046.jpg,46,2450,449
I1NLM540_0010047.jpg,47,2450,449
I1NLM540_0010048.jpg,48,2450,449
I1NLM540_0010049.jpg,49,2450,449
I1NLM540_0010050.jpg,50,2450,449
I1NLM540_0010051.jpg,51,2450,449
I1NLM540_0010052.jpg,52,2450,449
I1NLM540_0010053.jpg,53,2450,449
I1NLM540_0010054.jpg,54,2450,449
I1NLM540_0010055.jpg,55,2450,449
I1NLM540_0010056.jpg,56,2450,449
I1NLM540_0010057.jpg,57,2450,449
I1NLM540_0010058.jpg,58,2450,449
I1NLM540_0010059.jpg,59,2450,449
I1NLM540_0010060.jpg,60,2450,449
I1NLM540_0010061.jpg,61,2450,449
I1NLM540_0010062.jpg,62,2450,449
I1NLM540_0010063.jpg,63,2450,449
I1NLM540_0010064.jpg,64,2450,449
I1NLM540_0010065.jpg,65,2450,449
I1NLM540_0010066.jpg,66,2450,449
I1NLM540_0010067.jpg,67,2450,449
I1NLM540_0010068.jpg,68,2450,449
I1NLM540_0010069.jpg,69,2450,449
I1NLM540_0010070.jpg,70,2450,449
I1NLM540_0010071.jpg,71,2450,449
I1NLM540_0010072.jpg,72,2450,449
I1NLM540_0010073.jpg,73,2450,449
I1NLM540_0010074.jpg,74,2450,449
I1NLM540_0010075.jpg,75,2450,449
I1NLM540_0010076.jpg,76,2450,449
I1NLM540_0010077.jpg,77,2450,449
I1NLM540_0010078.jpg,78,2450,449
I1NLM540_0010079.jpg,79,2450,449
I1NLM540_0010080.jpg,80,2450,449
I1NLM540_0010081.jpg,81,2450,449
I1NLM540_0010082.jpg,82,2450,449
I1NLM540_0010083.jpg,83,2450,449
I1NLM540_0010084.jpg,84,2450,449
I1NLM540_0010085.jpg,85,2450,449
I1NLM540_0010086.jpg,86,2450,449
I1NLM540_0010087.jpg,87,2450,449
I1NLM540_0010088.jpg,88,2450,449
I1NLM540_0010089.jpg,89,2450,449
I1NLM540_0010090.jpg,90,2450,449
I1NLM540_0010091.jpg,91,2450,449
I1NLM540_0010092.jpg,92,2450,449
I1NLM540_0010093.jpg,93,2450,449
I1NLM540_0010094.jpg,94,2450,449
I1NLM540_0010095.jpg,95,2450,449
I1NLM540_0010096.jpg,96,2450,449
I1NLM540_0010097.jpg,97,2450,449
I1NLM540_0010098.jpg,98,2450,449
I1NLM540_0010099.jpg,99,2450,449
I1NLM540_0010100.jpg,100,2450,449
I1NLM540_0010101.jpg,101,2450,449
I1NLM540_0010102.jpg,102,2450,449
I1NLM540_0010103.jpg,103,2450,449
I1NLM540_0010104.jpg,104,2450,449
I1NLM540_0010105.jpg,105,2450,449
I1NLM540_0010106.jpg,106,2450,449
I1NLM540_0010107.jpg,107,2450,449
I1NLM540_0010108.jpg,108,2450,449
I1NLM540_0010109.jpg,109,2450,452
I1NLM540_0010110.jpg,110,2450,449
