I1NLM3228_0010001.jpg,1,2450,535
I1NLM3228_0010002.jpg,2,2450,535
I1NLM3228_0010003.jpg,3,2450,535
I1NLM3228_0010004.jpg,4,2450,535
I1NLM3228_0010005.jpg,5,2450,535
I1NLM3228_0010006.jpg,6,2450,535
I1NLM3228_0010007.jpg,7,2450,535
I1NLM3228_0010008.jpg,8,2450,535
I1NLM3228_0010009.jpg,9,2450,535
I1NLM3228_0010010.jpg,10,2450,535
I1NLM3228_0010011.jpg,11,2450,535
I1NLM3228_0010012.jpg,12,2450,535
I1NLM3228_0010013.jpg,13,2450,535
I1NLM3228_0010014.jpg,14,2450,535
I1NLM3228_0010015.jpg,15,2450,535
I1NLM3228_0010016.jpg,16,2450,535
I1NLM3228_0010017.jpg,17,2450,535
I1NLM3228_0010018.jpg,18,2450,535
I1NLM3228_0010019.jpg,19,2450,535
I1NLM3228_0010020.jpg,20,2450,535
I1NLM3228_0010021.jpg,21,2450,535
I1NLM3228_0010022.jpg,22,2450,535
I1NLM3228_0010023.jpg,23,2450,535
I1NLM3228_0010024.jpg,24,2450,535
I1NLM3228_0010025.jpg,25,2450,535
I1NLM3228_0010026.jpg,26,2450,535
I1NLM3228_0010027.jpg,27,2450,535
I1NLM3228_0010028.jpg,28,2450,535
I1NLM3228_0010029.jpg,29,2450,535
I1NLM3228_0010030.jpg,30,2450,535
I1NLM3228_0010031.jpg,31,2450,535
I1NLM3228_0010032.jpg,32,2450,535
I1NLM3228_0010033.jpg,33,2450,535
I1NLM3228_0010034.jpg,34,2450,535
I1NLM3228_0010035.jpg,35,2450,512
I1NLM3228_0010036.jpg,36,2450,512
I1NLM3228_0010037.jpg,37,2450,512
I1NLM3228_0010038.jpg,38,2450,512
I1NLM3228_0010039.jpg,39,2450,512
I1NLM3228_0010040.jpg,40,2450,512
I1NLM3228_0010041.jpg,41,2450,512
I1NLM3228_0010042.jpg,42,2450,512
I1NLM3228_0010043.jpg,43,2450,512
I1NLM3228_0010044.jpg,44,2450,512
I1NLM3228_0010045.jpg,45,2450,512
I1NLM3228_0010046.jpg,46,2450,512
I1NLM3228_0010047.jpg,47,2450,512
I1NLM3228_0010048.jpg,48,2450,512
I1NLM3228_0010049.jpg,49,2450,512
I1NLM3228_0010050.jpg,50,2450,512
I1NLM3228_0010051.jpg,51,2450,512
I1NLM3228_0010052.jpg,52,2450,512
I1NLM3228_0010053.jpg,53,2450,512
I1NLM3228_0010054.jpg,54,2450,512
I1NLM3228_0010055.jpg,55,2450,512
I1NLM3228_0010056.jpg,56,2450,512
I1NLM3228_0010057.jpg,57,2450,512
I1NLM3228_0010058.jpg,58,2450,512
I1NLM3228_0010059.jpg,59,2450,512
I1NLM3228_0010060.jpg,60,2450,512
I1NLM3228_0010061.jpg,61,2450,512
I1NLM3228_0010062.jpg,62,2450,512
I1NLM3228_0010063.jpg,63,2450,512
I1NLM3228_0010064.jpg,64,2450,512
I1NLM3228_0010065.jpg,65,2450,512
I1NLM3228_0010066.jpg,66,2450,512
I1NLM3228_0010067.jpg,67,2450,512
I1NLM3228_0010068.jpg,68,2450,512
I1NLM3228_0010069.jpg,69,2450,481
I1NLM3228_0010070.jpg,70,2450,481
I1NLM3228_0010071.jpg,71,2450,481
I1NLM3228_0010072.jpg,72,2450,481
I1NLM3228_0010073.jpg,73,2450,481
I1NLM3228_0010074.jpg,74,2450,481
I1NLM3228_0010075.jpg,75,2450,481
I1NLM3228_0010076.jpg,76,2450,481
I1NLM3228_0010077.jpg,77,2450,481
I1NLM3228_0010078.jpg,78,2450,481
I1NLM3228_0010079.jpg,79,2450,481
I1NLM3228_0010080.jpg,80,2450,481
I1NLM3228_0010081.jpg,81,2450,481
I1NLM3228_0010082.jpg,82,2450,481
I1NLM3228_0010083.jpg,83,2450,481
I1NLM3228_0010084.jpg,84,2450,481
I1NLM3228_0010085.jpg,85,2450,481
I1NLM3228_0010086.jpg,86,2450,481
I1NLM3228_0010087.jpg,87,2450,481
I1NLM3228_0010088.jpg,88,2450,481
I1NLM3228_0010089.jpg,89,2450,481
I1NLM3228_0010090.jpg,90,2450,481
I1NLM3228_0010091.jpg,91,2450,481
I1NLM3228_0010092.jpg,92,2450,481
I1NLM3228_0010093.jpg,93,2450,481
I1NLM3228_0010094.jpg,94,2450,481
I1NLM3228_0010095.jpg,95,2450,481
I1NLM3228_0010096.jpg,96,2450,481
I1NLM3228_0010097.jpg,97,2450,481
I1NLM3228_0010098.jpg,98,2450,481
I1NLM3228_0010099.jpg,99,2450,481
I1NLM3228_0010100.jpg,100,2450,481
I1NLM3228_0010101.jpg,101,2450,481
I1NLM3228_0010102.jpg,102,2450,481
I1NLM3228_0010103.jpg,103,2450,481
I1NLM3228_0010104.jpg,104,2450,481
I1NLM3228_0010105.jpg,105,2450,481
I1NLM3228_0010106.jpg,106,2450,481
I1NLM3228_0010107.jpg,107,2450,481
I1NLM3228_0010108.jpg,108,2450,481
I1NLM3228_0010109.jpg,109,2450,481
I1NLM3228_0010110.jpg,110,2450,481
I1NLM3228_0010111.jpg,111,2450,481
I1NLM3228_0010112.jpg,112,2450,481
I1NLM3228_0010113.jpg,113,2450,481
I1NLM3228_0010114.jpg,114,2450,481
I1NLM3228_0010115.jpg,115,2450,481
I1NLM3228_0010116.jpg,116,2450,481
I1NLM3228_0010117.jpg,117,2450,481
I1NLM3228_0010118.jpg,118,2450,481
I1NLM3228_0010119.jpg,119,2450,481
I1NLM3228_0010120.jpg,120,2450,481
I1NLM3228_0010121.jpg,121,2450,481
I1NLM3228_0010122.jpg,122,2450,481
I1NLM3228_0010123.jpg,123,2450,481
I1NLM3228_0010124.jpg,124,2450,481
I1NLM3228_0010125.jpg,125,2450,481
I1NLM3228_0010126.jpg,126,2450,481
I1NLM3228_0010127.jpg,127,2450,481
I1NLM3228_0010128.jpg,128,2450,481
I1NLM3228_0010129.jpg,129,2450,481
I1NLM3228_0010130.jpg,130,2450,481
I1NLM3228_0010131.jpg,131,2450,481
I1NLM3228_0010132.jpg,132,2450,481
I1NLM3228_0010133.jpg,133,2450,481
I1NLM3228_0010134.jpg,134,2450,481
I1NLM3228_0010135.jpg,135,2450,481
I1NLM3228_0010136.jpg,136,2450,481
I1NLM3228_0010137.jpg,137,2450,481
I1NLM3228_0010138.jpg,138,2450,481
I1NLM3228_0010139.jpg,139,2450,481
I1NLM3228_0010140.jpg,140,2450,481
I1NLM3228_0010141.jpg,141,2450,481
I1NLM3228_0010142.jpg,142,2450,481
I1NLM3228_0010143.jpg,143,2450,481
I1NLM3228_0010144.jpg,144,2450,481
I1NLM3228_0010145.jpg,145,2450,481
I1NLM3228_0010146.jpg,146,2450,481
I1NLM3228_0010147.jpg,147,2450,481
I1NLM3228_0010148.jpg,148,2450,481
I1NLM3228_0010149.jpg,149,2450,481
I1NLM3228_0010150.jpg,150,2450,481
I1NLM3228_0010151.jpg,151,2450,481
I1NLM3228_0010152.jpg,152,2450,481
I1NLM3228_0010153.jpg,153,2450,481
I1NLM3228_0010154.jpg,154,2450,481
I1NLM3228_0010155.jpg,155,2450,481
I1NLM3228_0010156.jpg,156,2450,481
I1NLM3228_0010157.jpg,157,2450,481
I1NLM3228_0010158.jpg,158,2450,481
I1NLM3228_0010159.jpg,159,2450,481
I1NLM3228_0010160.jpg,160,2450,481
I1NLM3228_0010161.jpg,161,2450,481
I1NLM3228_0010162.jpg,162,2450,481
I1NLM3228_0010163.jpg,163,2450,481
I1NLM3228_0010164.jpg,164,2450,481
I1NLM3228_0010165.jpg,165,2450,481
I1NLM3228_0010166.jpg,166,2450,481
I1NLM3228_0010167.jpg,167,2450,481
I1NLM3228_0010168.jpg,168,2450,481
I1NLM3228_0010169.jpg,169,2450,481
I1NLM3228_0010170.jpg,170,2450,481
I1NLM3228_0010171.jpg,171,2450,481
I1NLM3228_0010172.jpg,172,2450,481
I1NLM3228_0010173.jpg,173,2450,481
I1NLM3228_0010174.jpg,174,2450,481
I1NLM3228_0010175.jpg,175,2450,481
I1NLM3228_0010176.jpg,176,2450,481
I1NLM3228_0010177.jpg,177,2450,481
I1NLM3228_0010178.jpg,178,2450,481
I1NLM3228_0010179.jpg,179,2450,481
I1NLM3228_0010180.jpg,180,2450,481
I1NLM3228_0010181.jpg,181,2450,481
I1NLM3228_0010182.jpg,182,2450,481
